usa/leo-frances-soup/soup.jpg,usa/leo-frances-soup/soup.jpg,image
